,신규,이름,플레이,이번,로그인,매칭,시간,해결,유저,로딩,상자,전설,하니,브롤러,접속,버그,공격,주말,팩토리,화가,바운티,이스트,마음,보석,한판,레드,와이파이,별로,스타,재미,연습,이벤트,슈퍼셀,감사,서버,중이,삭제,보고,크로우,미스터,너프,스파이크,프랭크,확률,제시,설치,전투,화면,스킨,최고,트론,핸드폰,포코,그래픽,이유,부탁,중독,여러가지,대형,추천,샌디,사람,광고,지역,토큰,럼블,캐릭,기분,모두,레온,인기,개월,가장,요청,친구,동생,경고,솔로,체험,무엇,맥스,추가,먼저,사전예약,역시,파이,점검,생기,이점,매일,보상,무한,상점
신규,0.0,6.666395265013166,3.3874087668452075,2.9094252157633123,3.572329297744418,0.8636497422744905,0.7458929733562248,2.629737184837918,4.176528543709782,3.2815010102873883,6.744933860596319,4.722545966178687,3.3485118491934758,5.602752406431292,3.143563154066874,1.2762949745116472,2.381734886374444,2.553057388234884,1.7885434765290478,5.68825731895546,7.578040127591947,6.643443093272808,0.8567917197194905,0.4587196661690735,4.932528278043151,7.702082713433382,4.432166579602648,4.001939194864703,2.41572529161794,1.7908059202160433,7.029310957174016,3.995547332019162,6.1910699094174335,5.719294063549715,4.981618523066016,2.1474504884936474,4.221025729413858,3.706711908413196,5.7371303607735555,2.052952911409552,3.2846675410622397,6.334870690002941,6.681210620898609,4.801369291267852,3.3883045251754638,0.7395335934846091,6.890505885523607,3.2115964030905184,1.0347280763128623,2.9162575506328587,4.903322862180654,3.7139553831583996,7.017707990274393,6.964351190850307,6.075959645665805,6.1282554975830035,4.657065170191037,7.4529308430278425,6.203648534935853,1.526738879320436,4.150851855926548,1.2854089261590576,1.0178685507798362,8.451802842430048,0.42158446477454187,7.19573510538834,4.815481566507382,2.855638430483251,3.988755072442113,4.827073377232663,2.5278369555719884,2.574040617737584,1.8777938342277227,3.6878492364147237,0.9220417968545913,3.844621364644966,3.038013388228973,3.516180069281108,2.599093391817516,5.338174822929651,4.781629302137388,2.4573022819717205,7.84919200163953,6.873703653232242,6.643453780665288,3.7152979633349874,4.780208835837061,4.720195591464522,1.6257950904026979,1.5642048833404707,4.8527587856245065,2.542864198419758,4.097028610328286
이름,6.666395265013166,0.0,4.814501419185651,5.149256922347575,3.105967285808758,7.526396669484555,6.724756474502825,8.590784752957175,3.6558587870415855,6.25149584210029,2.4010441092051438,1.9576526218564947,5.407566868903463,5.997977820234346,9.716777915569367,7.9415509574573155,8.709781698486118,4.1144768415856,5.0179260439684175,4.3588224389900425,1.167621225597152,0.9055164546447354,6.5764058247238175,7.10526136317875,3.5414534036297005,1.0410668644509713,2.446195581841471,2.6794648943871846,5.837676412903294,7.307118050287859,3.5442694258159166,10.658277892626845,1.0235757466839324,1.8826321712263536,3.799672877680989,6.661878136289534,10.601488508908913,10.104825540695812,1.6869046320077585,8.64812697636403,9.951019980350075,2.882273810967627,2.7930560652866614,2.291325040366783,8.321705302434967,7.204902333030659,3.2867562443744345,9.875954580233328,7.6424798207819515,6.690590985124515,2.5611544341710473,4.58124876323167,2.5779920172551494,3.0346036389154176,0.5934337977346624,0.5412503795565097,3.7138622501096954,0.9357958855420266,2.3436777235763113,8.183614203040637,7.838167126173862,6.293056233037491,7.1686627875650855,1.9803451268476524,6.7773802674109325,0.8279387274646335,1.8677734846040428,5.832275383064505,8.414407141273447,8.45923492196304,4.363017565424054,4.482540072154834,7.798859877031707,3.104901662289556,7.22978292831903,2.828620758983826,3.628674000389138,5.4747268595259015,9.032533006214724,4.0391901298176665,6.415660060733118,8.998025036217301,1.2019220300869664,4.42591271080092,4.0233380451113,3.775544504657882,4.318444209600302,4.129255542519644,8.193509506381732,7.8317086848457205,6.349164687739896,5.479811817734892,10.758927127535467
플레이,3.3874087668452075,4.814501419185651,0.0,0.5167554870587314,2.765638700324244,4.005993643801451,2.9382596872067315,4.150607277682566,1.2173965157502835,1.4371375527210024,3.857927568094244,3.1136598428336417,5.055680865288668,2.4635479718163324,6.356040142469862,4.369154405735948,4.485884653863052,2.395555851325481,1.8964502442171667,2.3138273234572324,5.959048920357448,5.243702941702624,2.749112812048463,3.8048253703843087,1.77627015741364,5.696378558206294,3.6734402451557253,2.616092382725916,1.264486621847259,2.9470684663269995,3.823387832031591,6.78388117147522,4.875653307512899,4.903815585577517,5.406284279096768,2.1158529772857286,6.229369991095208,5.784927216142372,3.3000395152855377,5.306853682418942,6.203869081938601,3.2878004778648755,3.662786807781705,2.523244779265331,3.5712874469192517,3.4804309423958535,3.738938998571564,6.074146875921866,4.360103936162091,1.912935855463377,4.477426186946083,4.79293487399182,6.378025424859148,6.571540360790079,4.33844079585525,4.32187814167901,1.4801432593685657,5.74610093873899,3.355923275945411,4.512760457182194,3.0405178912347433,2.2767768759959566,3.2267974162973223,6.794844441774257,3.1973758511485904,5.581297593731954,3.16963790644815,4.941608352669443,3.602788300701685,3.7001427114741947,3.1729818127706886,3.444781466049213,3.4949397340123856,2.053461235841567,4.29393603964156,2.5871788682819843,2.3751399160224818,0.7058364176065206,4.857363655391647,2.005156009408334,2.0867990768641955,4.953736100558147,5.7858038815170225,3.516091751713767,3.328612069955887,1.0505853386941113,5.552089213150568,1.390065475573865,4.314858795132337,3.7386834066066994,2.087387100309358,0.9486557306184528,6.870636672268047
이번,2.9094252157633123,5.149256922347575,0.5167554870587314,0.0,2.8202604654250183,3.500573547723632,2.4306007612750693,3.664560901445058,1.6617446951531656,1.1980834705648458,4.3404011752264395,3.3548331855386073,4.832019031417722,2.7951616796107235,5.844509155000148,3.8587452257544412,3.979543527241795,2.265868291321721,1.5595353575652195,2.820168755926826,6.2739600549904715,5.512568934550169,2.241746561092516,3.3158656430772777,2.278090508880931,6.067527753760761,3.78239103401829,2.7795485816544,0.7657634094346251,2.4423783760819227,4.338269339521119,6.269043715291937,5.123025247944974,5.068603552273452,5.385070255896937,1.629047457620178,5.743570840677747,5.291852914383626,3.7043558365613642,4.800150847252953,5.687148000717964,3.7869090485083174,4.160499270954625,2.8726832115523466,3.17750318818638,2.9700952203204145,4.250116020709724,5.557656052004844,3.864201674733187,1.5432910230694012,4.563460175940386,4.651436800413927,6.545735080725103,6.703799301027845,4.644603674479188,4.6393939580919135,1.9815354502696918,6.071871797145287,3.8286511417385283,3.99864023600419,2.81482780699957,1.7653290053417374,2.710956700350833,7.124916422398355,2.6990133510819496,5.890257027880395,3.4207453313711746,4.661795765693476,3.2862166702949778,3.514157772347313,2.9983590968831595,3.259058582068605,2.989316615464124,2.2189630195560697,3.8241601863642285,2.7203822674344793,2.3527679562843566,0.7517264644309745,4.349435019786477,2.5210289640477925,2.228822645516109,4.440259492463011,6.166588728224004,4.026052348850294,3.8444095744521882,1.386446552656926,5.481292070601963,1.9067586807824939,3.798125271763868,3.2234773769087406,2.256055977379676,0.43303499653986216,6.356202187970223
로그인,3.572329297744418,3.105967285808758,2.765638700324244,2.8202604654250183,0.0,4.435364488642282,3.7060520763902245,5.6999416172888235,2.249468388934052,4.014150079893979,3.7636991052835036,1.2172591428154047,2.961339438442699,4.971082862437948,6.6129177965172925,4.848581404488233,5.723987083251994,1.0239009214244235,2.045048251350691,3.956990727234007,4.0131722966475385,3.0960114815661353,3.5778468490248336,4.004788824170895,2.8326047271972072,4.146234216791975,0.9988384522080745,0.5991468548615615,3.2803514380875742,4.44229243671314,4.4799421283114444,7.56787449046612,2.6494487069985415,2.344200881124208,2.670028035951929,3.964313269683051,7.626572371411512,7.118933939366333,2.515200169000298,5.542264215728355,6.853721641072899,3.629066080588006,3.8729711890788705,1.7197895216564405,5.714975017415025,4.149917858164136,4.257415676495065,6.783797388648855,4.537176477565207,4.24524675423282,1.7456582354914885,2.377751823447842,3.796679386921609,3.9071596573371297,2.5129080018153647,2.573805589302973,2.7283595869435198,3.881510286287212,3.268602828639679,5.096583091492454,5.613938917941199,3.378468861209287,4.162382912093529,4.890059593447689,3.7155674127401235,3.628070818161878,1.3102892061071882,3.159781161231213,5.9848439687847526,6.326147977904878,1.3440946230278912,1.5409429268885295,4.8791738916503276,0.8506852401281034,4.128421631716788,0.44358812926830604,0.5767290896628016,3.451847599327147,6.022748651213835,3.4997728027420463,4.834364242738361,5.955553279691601,4.300576074480318,4.808303846403333,4.437104637874501,1.925575856219393,2.891092408035612,3.1013591871436996,5.135927433427397,4.836015100713519,4.8213692397871455,2.975440171221043,7.669343684610833
매칭,0.8636497422744905,7.526396669484555,4.005993643801451,3.500573547723632,4.435364488642282,0.0,1.0712411893953042,2.1040447419970874,4.909144049269218,3.6165678473011402,7.529426605626408,5.5791417411098445,3.977274789176334,6.039622263633206,2.369152981247245,0.41618383849803736,1.6923274058978024,3.414928872776171,2.596037977721716,6.319311660965917,8.441680267152915,7.506528873541088,1.2593551151399156,0.4768608119743559,5.6475220615146435,8.560825337256556,5.2931575623730565,4.857332584897919,2.8841413031743772,1.708537442649428,7.749113147270607,3.132941906800712,7.054002222895212,6.572551575430237,5.753655030142942,2.3670173356622084,3.4315888146278586,2.9215880260178078,6.561159224034867,1.301406803011294,2.4273299545170146,7.0887789770828835,7.44334061318929,5.6245346474411555,3.1563179715102976,0.558090547436195,7.624873689017917,2.349690887898325,0.46448519338773475,3.1344698478462956,5.747826872673892,4.4445596323824486,7.8518009413428365,7.781486228079667,6.936659723032718,6.987592752116265,5.3628209925862,8.316323723621649,6.9890998481257425,0.6637677057546437,4.160063103321528,1.7419978174795405,0.9301573172121038,9.315345989104664,0.8277023578749868,8.059372444035535,5.671765264732729,3.422891725704775,3.8274659484474998,4.768898257492229,3.372923200727021,3.398811444395512,1.5306801962549992,4.525173483908126,0.9078290870997963,4.70170036237408,3.8977470204166353,4.010372862682973,1.8363912174808295,5.999793698361951,5.123073203136175,1.643753357977805,8.706550163094217,7.521626975665676,7.319133030116519,4.464669543377532,5.512571154501721,5.37977169689937,0.8365912412284163,1.0675599649492507,5.20813903767382,3.0929645453691412,3.2341762421969196
시간,0.7458929733562248,6.724756474502825,2.9382596872067315,2.4306007612750693,3.7060520763902245,1.0712411893953042,0.0,2.098089588434358,3.8814925105695908,2.6107599800437056,6.536191209519679,4.767277213689983,3.982730108837173,4.998091773061653,3.420987692093281,1.433338347489576,2.021040479494175,2.692585656010031,1.707617128945091,5.250363886104251,7.706893244305346,6.801369259124249,0.18919297198636148,0.9785347389318757,4.605806438600193,7.7439740834272115,4.6426078284032775,4.047185390472477,1.8218326871260782,1.075392418101409,6.704940880077645,4.007914946061587,6.35550018490852,5.973372797741791,5.450367653948066,1.4212466121392409,3.9225161952095764,3.4134462179937484,5.632456654198302,2.369552504362749,3.356311766405799,6.06793488479252,6.4282986439896135,4.70043628054698,2.67858949246428,0.5480526264830677,6.589128338327992,3.2488065131168096,1.4637427168422923,2.197657270869879,5.205803099385965,4.253715462236867,7.339238242541809,7.3321018564919695,6.145217581571374,6.183526520621645,4.317391345011836,7.559937367040482,5.998787512220683,1.5983883044990175,3.405286760252929,0.6714255353560505,0.459394394829737,8.585417577326163,0.34559780867975093,7.318632230568614,4.856995153650533,3.532060533509107,3.2568709368340536,4.081774493492906,2.877052504575778,2.985602913594263,1.2832465812785367,3.6483518578611935,1.587738078900065,3.904420463271885,3.137215609201996,2.9474838606564577,2.317772782688591,4.936827633274996,4.120977749989471,2.274851918932218,7.879442506595534,6.454343658877543,6.258230247931932,3.453073462368753,5.304385562605932,4.317356669382877,1.492368321832512,1.1332045849082282,4.199284522314666,2.0217357412116477,4.103694838115966
해결,2.629737184837918,8.590784752957175,4.150607277682566,3.664560901445058,5.6999416172888235,2.1040447419970874,2.098089588434358,0.0,5.322608989859317,3.07103259514486,8.004324263566362,6.657009222846614,5.975447100447063,5.405967010992043,3.2209736590652427,2.003512180925497,0.6733395297135707,4.719032171290383,3.654898940719512,6.243912222490641,9.636452391166678,8.766682298543952,2.1733812048905854,2.4919134819899607,5.9252528057390235,9.57643380121898,6.6708013887023405,5.958080674275108,2.8991589903196417,1.2838569434145657,7.919607501247809,2.9279544189294664,8.33085949805495,8.015606520409774,7.545869028696335,2.0362362442809143,2.079241845634791,1.6430071822680488,7.307749691500608,2.6449553334336655,2.593808329632802,7.436715558113648,7.8122699947269965,6.415161934020508,1.3960751479916116,1.8937978726920752,7.861866859547779,2.4216586725608136,2.4929363161128233,2.442680885486972,7.276514683832888,6.3248089700485775,9.40989969922606,9.41938643035349,8.032374213825676,8.054754696939307,5.629831354560823,9.468631215201443,7.492911006303911,1.8393987717472629,2.726272587937475,2.3237876826325743,1.6602901395608065,10.51243650526843,2.2594562755514076,9.246020681185747,6.741086065245805,5.461987726993699,2.093806506764916,3.1277139364032265,4.972189825516296,5.0835099899679985,0.8273869756447502,5.487607343023648,3.0117044340036254,5.833350355554715,5.1232453172314,3.795352352077754,0.9747625867609405,6.053267475154373,4.331355013140203,1.2721126231931557,9.695629124382892,7.431423570682062,7.339098315889244,4.992577358768633,7.384414735938676,5.479727099831442,1.4137828723350754,1.0751135892093462,4.441996868428406,3.249467268431214,2.991034505789734
유저,4.176528543709782,3.6558587870415855,1.2173965157502835,1.6617446951531656,2.249468388934052,4.909144049269218,3.8814925105695908,5.322608989859317,0.0,2.6275230380486065,2.693658330756312,2.1455630702983375,5.030363172246147,2.76650328861207,7.277833812891502,5.301912487028379,5.608584421827119,2.372906679021512,2.4328080447678735,1.775477353387192,4.815686587691619,4.16770766864134,3.6965448672693157,4.626349029707093,0.7700950751205264,4.499901687423145,2.947242502860681,1.8646517324468044,2.4244659657542194,4.0819385027631006,2.853110302391319,7.8459275835594235,3.8384791330922137,4.012068454190239,4.8850637644374455,3.2893981583617973,7.400417876826322,6.942602573329821,2.0893994139995495,6.198838624592073,7.226458884634303,2.1870638083396443,2.5506638648584676,1.3857590694444974,4.788497437434237,4.428411452638631,2.717094709638722,7.109124975229091,5.201966221185529,3.129788312002262,3.7585631688591445,4.575623288726248,5.452395500357991,5.707410377285521,3.2208895899630026,3.1891606589226824,0.5387621105200582,4.591576887835489,2.172628047974614,5.479778671635755,4.187006053536647,3.2674298510964834,4.236943753164116,5.631319498429001,4.081469610274199,4.447472131577631,2.178679071946211,5.066808291430793,4.798685425011642,4.803760062292747,3.1486875630855566,3.4213087400615603,4.624059630404548,1.400015879084594,5.021414708298115,1.9109639326257,2.1060771951312773,1.8278530992751718,5.972361466398037,1.331549756422362,2.8564781058690554,6.035998222005508,4.582669296735116,2.8178229641572883,2.523859813462775,0.48162057454729723,5.138258135872358,0.8533734542733022,5.3383793315755605,4.811781938421567,2.811379287854063,2.073616140471973,7.936985157615623
로딩,3.2815010102873883,6.25149584210029,1.4371375527210024,1.1980834705648458,4.014150079893979,3.6165678473011402,2.6107599800437056,3.07103259514486,2.6275230380486065,0.0,5.147877067263996,4.523707460983022,5.801612236322956,2.453038644656201,5.789183856347865,3.888778864146292,3.5507056943867634,3.3877698988979796,2.495129200420824,3.1887318455977365,7.395763071822063,6.669353487033903,2.4496072437693224,3.5885830036383726,3.0477124921700076,7.125011707228651,4.980331635595813,3.9721924390986145,0.962430621943069,2.100858881178706,4.907846977756376,5.921580958453026,6.291676486960374,6.263902043667919,6.541928209863067,1.2674560702977204,5.097237019608974,4.702798680894438,4.716623841300147,4.842277811329784,5.4431540596634385,4.522292473448118,4.896696105982793,3.9601774773618903,2.2172848911087724,3.059194686775515,4.8778774876064785,5.291113230926991,4.052334881351015,0.6284964758473223,5.758940793901217,5.7213442663178515,7.741291702933601,7.901882049019089,5.773539758418104,5.758425743518511,2.7697902561451753,7.183238169651847,4.679617321668542,3.95144585959019,1.6223574560491003,1.9962172729795749,2.6995876005888575,8.231838344769272,2.9468219999439813,7.017320630890254,4.584809578050896,5.5459843003386355,2.1713286065515582,2.316082158256744,4.062581500503151,4.305446804756711,2.606992530546313,3.4092904567399436,4.185172308862575,3.9171474838424944,3.529684473049674,0.8200253417002833,3.9266797088235044,3.042735860129719,1.5106901494681726,4.104448462889725,7.209948232415407,4.364227818839834,4.290889247727194,2.4836641938895174,6.60576054670619,2.5203673131369184,3.6441088135933404,2.99245184364817,1.5922026770234408,1.1059116637406732,5.996752654951737
상자,6.744933860596319,2.4010441092051438,3.857927568094244,4.3404011752264395,3.7636991052835036,7.529426605626408,6.536191209519679,8.004324263566362,2.693658330756312,5.147877067263996,0.0,2.700580376316148,6.672195272398265,4.07850985312864,9.884095061061684,7.933532007232245,8.302228345727181,4.480038359460675,4.956749293482011,2.3713737822675247,3.3814435962739138,3.2874909647298876,6.3555626706942645,7.203011548116358,2.1036678736822663,2.653423149456356,3.7361102102935004,3.1646867618759194,5.1061633677277225,6.7739736883090655,1.143916378655343,10.526390387255846,3.251505404830431,3.949095327363602,5.635265806918864,5.968110159153289,10.083545790536036,9.631438363437834,1.298291070772651,8.795236574843793,9.891983790444488,0.6873393367043997,0.4197048763354506,2.0675252878835657,7.363439830277237,7.077832629037983,0.889820900392505,9.780536266113293,7.779656700121454,5.719223453873346,4.285139991302386,5.969906535514918,4.9538849320579805,5.384938655918992,2.4433274336646713,2.3267038896218986,2.391211971594146,3.1189321659011013,0.5412999142052077,8.127623415770179,6.541181247005199,5.94552729171603,6.91215860677947,3.935038192597601,6.70593674379122,3.1529949927796266,2.6327743270109596,6.920451065349896,7.261213751315515,7.037214461950401,5.075182847823726,5.29658777020464,7.31713480909448,3.1897155570404054,7.520540059778893,3.3257050471473835,4.027407525277593,4.330492111853193,8.665853438600758,2.23779133268553,4.783908184881103,8.725027892430383,2.634888182983643,2.0760465128206973,1.701058376024633,3.08653094223159,6.078782988438196,2.6400269493183233,8.01179967079135,7.50101224717974,4.6902454925052455,4.761548855937204,10.618823438858735
전설,4.722545966178687,1.9576526218564947,3.1136598428336417,3.3548331855386073,1.2172591428154047,5.5791417411098445,4.767277213689983,6.657009222846614,2.1455630702983375,4.523707460983022,2.700580376316148,0.0,3.9843608677234905,4.861309022805186,7.805142130411142,5.994997109863433,6.756799250526884,2.181132172829833,3.0609232136487927,3.5086694511031116,2.9824793089549106,2.1623215096074784,4.619913566317972,5.166784571237691,2.415404175694905,2.9838563712245616,1.066864065484541,0.7229839547430734,3.982159461955759,5.375660229795018,3.579075967372607,8.708219656898276,1.7687783056639028,1.8700133143115638,3.068505220821314,4.772821823133411,8.651897306919258,8.152944122694791,1.404241233708307,6.727080138549078,8.006015982687087,2.71841248850541,2.8885991306978775,0.9278915271841303,6.477128953150208,5.248212046361648,3.3321230949599756,7.92728381536826,5.713538754791133,4.889038725626863,1.7688913923647736,3.269329241627774,3.3085691643061015,3.565491691674238,1.380413618379222,1.4164054075172683,2.442967171646307,2.8118349346693106,2.2645879533613633,6.233556245172996,6.143742184436628,4.34695762934776,5.212083246251127,3.856344836707113,4.821863562333893,2.592239386685521,0.09391341180783334,4.275458188411298,6.6394715389616685,6.813439337695184,2.552515503391523,2.7272708865092725,5.856470278164664,1.1793117604554904,5.328102489681262,0.8779896659033134,1.6886535392682436,3.814214652470307,7.076760428681914,3.075405224681377,4.995820522650179,7.040372588069745,3.127476848841049,4.106135656834887,3.7020729713885716,2.074306056824537,3.4539755132441066,2.8798852984210903,6.23662432228459,5.87665272826294,4.954575331894281,3.634296665401718,8.80841074783723
하니,3.3485118491934758,5.407566868903463,5.055680865288668,4.832019031417722,2.961339438442699,3.977274789176334,3.982730108837173,5.975447100447063,5.030363172246147,5.801612236322956,6.672195272398265,3.9843608677234905,0.0,7.506389095476338,5.297314509760032,4.267360500470368,5.662450361057408,2.7009252684221408,3.3138805563754548,6.802906811517146,5.8804467320595775,4.939916220667979,3.991780374858642,3.523112096507333,5.713670587748431,6.374673513682613,3.037258544880008,3.546963873805344,4.848593091214109,5.050950336494397,7.440186265998193,6.644669107965525,4.533488574454702,3.73952253613342,2.1336960276784662,5.086785893744166,7.367646216539579,6.868499637569709,5.384461457036724,4.460785078976591,5.908033768227954,6.586402828957528,6.816307630421708,4.671919002717958,6.643367036660918,4.081654546801639,7.214776917079136,5.915274980503755,3.7590752582121345,5.716595904834234,2.892398647008955,0.8509421042527052,4.5492709137124425,4.310550324292857,4.873543244717075,4.978905590959928,5.556912292314417,5.866395523785473,6.20183057009303,4.534777616327602,7.126331856603785,4.166480730615605,4.35343801899552,6.646655639662518,3.740858262912404,5.570939120849716,4.060832589819058,0.6228540674817993,7.1655584766809275,7.852697944048387,1.9044749268626682,1.6275059158079328,5.221013203017605,3.7332896368571444,3.1682747201180588,3.4028689446929126,2.928184702714766,5.583106291326248,5.808759644214634,6.351886356669154,7.060793316184679,5.583014387854856,6.556621485887598,7.742483317572404,7.382996912147279,4.600783082486552,1.7121493977600288,5.863728959268205,4.8114552130899435,4.90338993701951,7.086644350353204,4.721448890067103,6.746672614450696
브롤러,5.602752406431292,5.997977820234346,2.4635479718163324,2.7951616796107235,4.971082862437948,6.039622263633206,4.998091773061653,5.405967010992043,2.76650328861207,2.453038644656201,4.07850985312864,4.861309022805186,7.506389095476338,0.0,8.242206845867532,6.331228033124796,5.949481954299625,4.818414964651271,4.338584532342981,1.7103921381912977,7.1492625660878195,6.687257207243624,4.82260443814492,5.960129667979397,2.5025482137700115,6.6025262224290655,5.713684647481829,4.630051676136972,3.1897501363452885,4.549868344500189,3.346104688130924,8.316130786447332,6.4290986450601055,6.727032474686135,7.6342207692838775,3.7186295841533377,7.3152356258508755,6.98074175327239,4.312372267276484,7.287485846169525,7.874664973638336,3.394368533172536,3.6972923017704455,3.987610022681575,4.262179402045094,5.48191287061624,3.4407833053368444,7.718093406632029,6.459709507704941,3.0343441322230715,6.5241605686147075,7.188617944544784,8.124349493768944,8.418519309295455,5.702882597569528,5.637618324115052,2.421017338977078,6.8972086220227125,3.806113995985181,6.402523826256745,3.0293815526320436,4.342565876564393,5.137646728870175,7.858170394963467,5.317256096073629,6.8258543644903895,4.878670481593865,7.405153169804795,3.8629049431575506,3.2765922200863753,5.60984465288256,5.885047847077017,5.040850574832854,4.139024932779404,6.524132314503732,4.667797972120712,4.707811080135022,2.096786098919929,6.319630245412621,1.9607101146033736,1.0955523241932803,6.524425203053598,6.625535574771793,2.468636038206709,2.6043165007630527,3.0463317145117523,7.855061656125025,1.9818995904650474,6.096565218702416,5.442950144797265,0.9789706839247115,3.083361745602241,8.385553507776295
접속,3.143563154066874,9.716777915569367,6.356040142469862,5.844509155000148,6.6129177965172925,2.369152981247245,3.420987692093281,3.2209736590652427,7.277833812891502,5.789183856347865,9.884095061061684,7.805142130411142,5.297314509760032,8.242206845867532,0.0,1.9877191121866369,2.5485694081233627,5.6250031561088125,4.930852742872236,8.66361492994213,10.5461358343359,9.589088738740639,3.610019889794986,2.6848672059164125,8.016420087480563,10.757740231742247,7.365634275495778,7.094481176662876,5.1817293801748345,3.6989068894477177,10.117893779994679,1.4993381308756488,9.136638385700723,8.547380452274947,7.367027678894357,4.525815770072463,2.9323642723031855,2.630451895073556,8.876055400188688,1.0907182386976406,0.9378046852600376,9.455284602170973,9.807842861184193,7.941523325159387,4.6132520399538315,2.8759369636913323,9.99393694839321,1.0744223821847445,2.112337169102926,5.225034183750387,7.679634928920891,5.999365027788161,9.678676639245536,9.520501741021397,9.123345071098795,9.186635673124208,7.731102711195979,10.447672194197663,9.343011049468192,1.8565333341136294,5.901069492182795,4.079449072953066,3.1511295677131748,11.403935210802718,3.1965492791252372,10.175639739478251,7.89896437476541,4.674467211136334,5.31451070345326,6.34744403592409,5.392365576707881,5.333660912860159,3.2499016973435455,6.819464394273102,2.4886287138794168,6.9312035098370615,6.11871861264166,6.295399756159059,2.2840763921999465,8.35736714577481,7.247764692689013,1.9540595864689712,10.913401235222898,9.870549126362757,9.679150622618945,6.830683482675399,7.001033264617108,7.738136192827261,2.147901883490967,2.8068432177654645,7.3453143866112045,5.425605935003613,1.5867055621765718
버그,1.2762949745116472,7.9415509574573155,4.369154405735948,3.8587452257544412,4.848581404488233,0.41618383849803736,1.433338347489576,2.003512180925497,5.301912487028379,3.888778864146292,7.933532007232245,5.994997109863433,4.267360500470368,6.331228033124796,1.9877191121866369,0.0,1.487775680682105,3.8291339927346475,3.0087471927808447,6.67873374474448,8.852587858085244,7.915403118912233,1.6223234842875838,0.8601887799022456,6.0341826501918545,8.976349547184837,5.699118037662517,5.273304235684992,3.211974032127553,1.8794687648053878,8.134805019679254,2.719313005151349,7.462581861274555,6.970815435922247,6.1041526317619015,2.6238497407429686,3.103592358305952,2.6014953575732216,6.974293737260122,0.9576763479446492,2.011227254905918,7.484948736700186,7.841559118601728,6.0377210069761125,3.1905013488003755,0.888748053509219,8.015037323491013,1.9353095529550413,0.5258398209543989,3.370849894024219,6.139981125375272,4.77846643899056,8.235712826851064,8.15471600261148,7.351541839481777,7.402942055786638,5.747303518735516,8.728862472595264,7.393681101796596,0.2729220537130203,4.291229167017631,2.0934419625493534,1.1942936189220192,9.725528531139835,1.227623183236179,8.470891948108358,6.08766281439322,3.6919309720307294,3.8833003878547006,4.861319946431011,3.7680621211230894,3.7826823265529312,1.5833018673823067,4.940573083691091,1.110740601451258,5.117457556250135,4.312881254629643,4.3341242219307965,1.557269692231546,6.369712472168288,5.3832768431824505,1.3156961382450327,9.122346894871137,7.884563801838293,7.691431911348152,4.862536728564315,5.843423322691944,5.750427470944779,0.6041219708785586,1.08615439762353,5.473150860416016,3.442717449678512,2.820900296085735
공격,2.381734886374444,8.709781698486118,4.485884653863052,3.979543527241795,5.723987083251994,1.6923274058978024,2.021040479494175,0.6733395297135707,5.608584421827119,3.5507056943867634,8.302228345727181,6.756799250526884,5.662450361057408,5.949481954299625,2.5485694081233627,1.487775680682105,0.0,4.713327202170289,3.701653693928616,6.671032282774399,9.714877934044898,8.8171755772911,2.1470611266154185,2.1395111981727144,6.25763254482346,9.717076892462167,6.663493877133698,6.042314353406296,3.2216088188916103,1.5390604821131468,8.299262921145793,2.371715532217173,8.372855818495983,7.991898179189122,7.362835836660818,2.3937747337614055,1.9025922623049125,1.3971306328340587,7.520175352683927,2.004499267460519,1.9577432131403696,7.765573148002374,8.138299426297392,6.605179856566598,2.0652655466269705,1.657080589776302,8.223754791794958,1.7907577335639895,2.0081169842573225,2.9322374447313866,7.2136203182620395,6.089263749650595,9.34413306603372,9.31788516950856,8.137196782525873,8.16949944705675,5.961072645873969,9.56152454135746,7.77869448473156,1.2752928336631406,3.375864911375037,2.4265294842634786,1.56249883772286,10.593434115649108,2.0800915093259107,9.325626335740392,6.844588658240771,5.114609350482094,2.7659855915725715,3.798982593664995,4.859092548011602,4.935735537761137,0.991008425301203,5.610907483444445,2.5724876526280864,5.90548719275906,5.152498156684809,4.215366964790525,0.3773619354949387,6.446143974461972,4.8939043431908384,0.6085190210847958,9.845719970453551,7.872428773312752,7.752602555728172,5.239857117866847,7.157203537758978,5.853155473872859,0.8860183142657432,0.8882320063219291,5.000959930041792,3.549746029581145,2.446060256787936
주말,2.553057388234884,4.1144768415856,2.395555851325481,2.265868291321721,1.0239009214244235,3.414928872776171,2.692585656010031,4.719032171290383,2.372906679021512,3.3877698988979796,4.480038359460675,2.181132172829833,2.7009252684221408,4.818414964651271,5.6250031561088125,3.8291339927346475,4.713327202170289,0.0,1.0907367777633348,4.145683785408651,5.0370437898579326,4.1165893005971315,2.572169214177738,2.9908989867765756,3.102612350015113,5.151813362200464,1.9545395172926106,1.4703317016777395,2.5302702122370664,3.48329956794238,5.0224485679449,6.547870776299578,3.66797731250474,3.2966149108352023,3.163672789890436,3.0975527868013786,6.615101729378004,6.105701348130817,3.3257705614898154,4.545960035310927,5.837092724210422,4.216138234740718,4.512802539715443,2.42372768570506,4.846648705355154,3.1270851598737552,4.829859078040107,5.764372568098213,3.533016466683326,3.497407696391581,2.58139428553818,2.399549580872088,4.704448498485371,4.753992193728571,3.523340475092559,3.5775130957124173,2.9100985682336566,4.904434036319858,3.951945088942376,4.074984492340122,4.914834666205421,2.4141027918694893,3.150837169497323,5.913775389753078,2.692240998967564,4.6519437411946765,2.274825394490739,2.694513563638008,5.186360045377953,5.644251211878775,0.7964510209685869,1.0734231527241378,3.893477002134009,1.2903746356964065,3.1542464542762496,1.306234873729265,0.493954609416451,2.992335322424118,5.005858144245899,3.70445514730411,4.460363920752807,4.9331693142025275,5.301443512844984,5.164252160728916,4.837022346954009,1.9193722721332187,3.2209962734876454,3.1825191120682645,4.1123843004631455,3.825143158262938,4.4716670028503644,2.2870354620945568,6.649063112893377
팩토리,1.7885434765290478,5.0179260439684175,1.8964502442171667,1.5595353575652195,2.045048251350691,2.596037977721716,1.707617128945091,3.654898940719512,2.4328080447678735,2.495129200420824,4.956749293482011,3.0609232136487927,3.3138805563754548,4.338584532342981,4.930852742872236,3.0087471927808447,3.701653693928616,1.0907367777633348,0.0,4.064931856278388,6.013488907881861,5.122695478053241,1.5592873124352349,2.2470063975792254,3.2008624042453735,6.03636811598513,3.0220809399976876,2.342626958070802,1.559500704136821,2.4018674341996826,5.278647256409956,5.687283991704744,4.682359756291665,4.370855000623896,4.188415088600041,2.0208081582619566,5.60175942273192,5.0987774174405205,3.9655642848986328,3.840698399954342,5.0078689922185164,4.559158019904309,4.90027557665969,3.0290261632168756,3.762577701698527,2.205067789405691,5.127607952340012,4.914892088595083,2.823133374336222,2.4919326139237437,3.6718920880502695,3.2436806836130287,5.791840216595573,5.8445753555815125,4.440109627073047,4.476765723612836,2.94113774458117,5.860359577305786,4.415449621578034,3.2260801654175517,3.9218586966504607,1.3346469135606294,2.1512869446729597,6.8919834733000025,1.7933572550567645,5.624090886836572,3.150204131354861,3.107081715355554,4.129144005652186,4.655441020426797,1.600660383316741,1.8248229051432023,2.8349525874468497,1.9462256544056928,2.5932249164349184,2.203897320019337,1.4683461965269837,2.3058466779126707,4.016574041421986,3.674210493169484,3.770301850432857,3.9823289330975418,6.172244989988211,5.208435694996357,4.943764270820478,1.9579211500168623,4.1796610036146635,3.0731304884717847,3.1884024945124843,2.8179694241253044,3.8055840534891066,1.4075816045667784,5.785382711687552
화가,5.68825731895546,4.3588224389900425,2.3138273234572324,2.820168755926826,3.956990727234007,6.319311660965917,5.250363886104251,6.243912222490641,1.775477353387192,3.1887318455977365,2.3713737822675247,3.5086694511031116,6.802906811517146,1.7103921381912977,8.66361492994213,6.67873374474448,6.671032282774399,4.145683785408651,4.064931856278388,0.0,5.49082897743431,5.1055421444693465,5.06136159315613,6.113523406004686,1.1309505587869526,4.906284808643189,4.4917268796830685,3.480140758499385,3.5041192810393986,5.147497265425648,1.7716574373066967,9.017649088919764,4.895109957322597,5.31089876078063,6.499385851043992,4.280660200617809,8.285385546895373,7.883508199494524,2.6946322200754524,7.619720198616698,8.471889551092163,1.6854492488743789,2.0003884925276325,2.5827246871736964,5.353318091188767,5.790177122797607,1.8055324224160694,8.334495260176881,6.67236032245165,3.8132444898059843,5.264094668616416,6.321049357125197,6.630557962585331,6.969849234065945,4.125065223679944,4.04631398836722,1.2462539312059944,5.234393893769008,2.103700483665554,6.814215052861285,4.342771922640662,4.585304611279387,5.5216744759193395,6.171203592195225,5.5108467916517965,5.184396751764886,3.502631608479657,6.840197114211848,5.123962445157702,4.7588025643075405,4.924137600267458,5.196749065078606,5.689717893748831,3.114190226504843,6.582989933381184,3.5678501243447824,3.8753746577642634,2.4563407691564496,7.048035068299048,0.4572183414257128,2.4690722835450654,7.18248138725798,4.92304695543849,1.210189526229403,1.1040245959858588,2.229886133513711,6.806374796555152,0.993418800600439,6.594357965775112,5.990778584217769,2.366028220542635,3.2385460207965253,9.09971318402489
바운티,7.578040127591947,1.167621225597152,5.959048920357448,6.2739600549904715,4.0131722966475385,8.441680267152915,7.706893244305346,9.636452391166678,4.815686587691619,7.395763071822063,3.3814435962739138,2.9824793089549106,5.8804467320595775,7.1492625660878195,10.5461358343359,8.852587858085244,9.714877934044898,5.0370437898579326,6.013488907881861,5.49082897743431,0.0,0.9642428534608329,7.569361745444853,8.0012073668201,4.706315156613785,0.9052333298491217,3.1805242172687564,3.6796044806859873,6.941913675522382,8.356535892403096,4.51140843123154,11.570507910184356,1.4118598348933842,2.141043203852526,3.9856210268193175,7.749013307202551,11.615193242181789,11.111988569956702,2.8467966729051684,9.499761116440128,10.849127729132391,3.9434107314032154,3.795614760615142,3.440882376072794,9.434481031368255,8.162100065199756,4.266966627083679,10.785666251396947,8.515200609538367,7.817248005310773,3.0009286202326098,5.030013296918236,2.0616311242515373,2.562996103982425,1.6300278508670927,1.6374570302918272,4.881411433340369,0.26271928703931297,3.4265447455212694,9.104494674142435,8.991161890990782,7.320380691852575,8.159177155169198,0.8786111611828044,7.728353047991204,0.39044313775107675,2.9013171443967787,6.379597821752557,9.551488807742261,9.619247384598221,5.153778027674894,5.225566501279423,8.831336985529877,4.160091757521979,8.061569594657827,3.810661585481751,4.57220934318042,6.627930676828327,10.024310471949432,5.188611487349145,7.583092472251656,9.966705766458185,1.0543985927289876,5.453325152531062,5.06509631831465,4.913466506138709,4.52498311257398,5.295727745586419,9.148840912332462,8.829685136627676,7.516189375270904,6.587615361507546,11.67259232563701
이스트,6.643443093272808,0.9055164546447354,5.243702941702624,5.512568934550169,3.0960114815661353,7.506528873541088,6.801369259124249,8.766682298543952,4.16770766864134,6.669353487033903,3.2874909647298876,2.1623215096074784,4.939916220667979,6.687257207243624,9.589088738740639,7.915403118912233,8.8171755772911,4.1165893005971315,5.122695478053241,5.1055421444693465,0.9642428534608329,0.0,6.670144202732273,7.060941798433103,4.190591159968622,1.5110699738729125,2.2261631104796535,2.8185400855021734,6.143537452117442,7.4933239612613765,4.426456024454756,10.630610717960442,0.45355198173999045,1.2153625294094006,3.1232373105692557,6.924923571435404,10.719580543421474,10.21315146494055,2.4131630743993497,8.547130960594767,9.905860097133733,3.72514715219674,3.6681114186410837,2.7848959307258507,8.637946330133449,7.243410451096205,4.166190523160277,9.845724107071302,7.568086931822322,7.050023182782538,2.050236065488997,4.09159363469491,1.6735826008122763,2.129842310446317,0.984801922540813,1.0593380283465759,4.320708654826617,0.9269080748897967,3.1780454851270425,8.170088159986818,8.283650087883059,6.443941686620164,7.256815276284136,1.815805584698625,6.808072862689722,0.63112429851065,2.092583185791191,5.4268621239554085,8.79866336029982,8.9383124233364,4.197744888621818,4.26391481199274,7.953581023531644,3.3345189647707008,7.106841915616799,2.934871960042859,3.6647937780303494,5.933460061837766,9.118566594482676,4.749573494914249,7.003562787733122,9.049645021024409,1.6974938516737579,5.277045916807742,4.8684337961238935,4.193600219118887,3.659232966643913,4.754016300542506,8.227301398483837,7.929767706142593,6.9473758470465485,5.796532489307843,10.733038302200006
마음,0.8567917197194905,6.5764058247238175,2.749112812048463,2.241746561092516,3.5778468490248336,1.2593551151399156,0.18919297198636148,2.1733812048905854,3.6965448672693157,2.4496072437693224,6.3555626706942645,4.619913566317972,3.991780374858642,4.82260443814492,3.610019889794986,1.6223234842875838,2.1470611266154185,2.572169214177738,1.5592873124352349,5.06136159315613,7.569361745444853,6.670144202732273,0.0,1.141786929065605,4.4186884121177865,7.592070907750687,4.526071692301099,3.9018931387190205,1.6407646652441772,1.0628768330995293,6.517305562856551,4.181587115362188,6.2261257879477085,5.862838971363805,5.395693335844842,1.2906802636701715,4.049451272299651,3.5435410111799928,5.462844046128917,2.5584346038882906,3.5364384708044887,5.88335305168888,6.244466639831997,4.53252456206205,2.6524058100874646,0.7359009314487786,6.402493152080795,3.4264040576185395,1.6446941955539451,2.060566681122485,5.107862834956397,4.225419599203925,7.241857420920536,7.246101014314214,5.999358365629495,6.035354151724977,4.12985942651592,7.41874313619973,5.8187837187527105,1.7844180416632174,3.30872130485189,0.4861408260535584,0.5922718556512911,8.44797117242981,0.4979586908413055,7.1804418663653395,4.708911108657979,3.5631726468282414,3.203880308876583,3.997322264635205,2.802044698973659,2.925936631787552,1.3479873967574043,3.4912041884210256,1.7371153888665332,3.762067405331804,3.00558169320845,2.765168879825324,2.45732051070007,4.747679252607261,3.9579684960198485,2.431567880935001,7.725674339805075,6.265202467454966,6.069153713101978,3.270973420347828,5.2675969016529764,4.128238966254748,1.663720727462233,1.2603887237697151,4.034219949385854,1.8340894265764318,4.276618699039371
