,유저,상자,데이터,와이파이,사람,접속,동안,화가,패배,파워,전설,리뷰,스킨,로딩,플레이,동생,설날,이벤트,결제,처리,상황,현질,버그,기존,수준,점수,실력,상대,시스템,계정,이번,재키,핸드폰,로그인,튕기,오류,바이러스,신고,능력,레벨,수정,자살골,추가,가젯,레이,레드,잠시,상대편,우리,모두,해결,실패,업뎃,삭제,설치,개선,사항,어플,상태,화면,별로,패널,매칭,시도,아이폰,친구,확률,일부러,조합,서버,연결,폭포,거기,티밍,밸런스,랜덤,한쪽,스타,세명,붕괴,연속,슈퍼셀,공격,점검,브롤러,로사,보석,로봇,맵좀,금고,모드,선택,체험,하든,지네,무조건,페니,보안관,시즌,만렙
유저,0.0,2.5583758729201143,4.396765708223214,1.8953333819210594,3.3409452475160912,6.6430315732932605,2.791770069181785,1.451682396086691,2.283179375893964,5.230515269340474,2.662151061620198,1.5363339650122187,9.537715384532545,7.147979581382385,3.014646109391366,4.258784643594324,7.389922092666634,4.299106291307566,5.137401420944228,7.0691814113676,3.921567962874294,7.29349309317554,1.4532666503108167,2.6462780624233604,2.233933568269294,2.82308682743618,3.2677338998291194,2.960387086207236,2.8067093852531744,4.287427230513668,8.353931361711762,5.18529679016744,5.273097527752135,8.804236130832576,6.84610167610346,4.623466513412179,6.170482482840084,1.2662789600860518,5.050656354893773,2.9356372524688523,4.823742587303818,1.2061366143134322,1.1293518253788455,5.7795121551551745,4.728931703025503,3.6168452170052747,6.199651510516399,3.688609894658359,6.748517356692619,5.913613210136489,4.326000667976179,8.9823270354349,8.068604806360336,5.42881960936009,8.774828531312291,4.744103750751843,7.828465686807938,3.316551381930781,7.3672505908994,3.8511975791206083,4.348935554497149,1.997940858364141,3.631638521825845,6.104054947947777,4.2322294356923065,8.682591126067772,3.579886527034872,2.1589940769321787,6.890023975254921,8.779461183888413,6.816988438780376,5.418590816310527,2.973045587332904,3.1718924480838155,3.077026987136682,3.0747275302663275,3.456888987562686,2.5511214384896457,3.418505601414963,2.8004156694637254,3.6640846102063023,6.476921314198349,1.6031094636067384,9.711595494315043,9.40212864591344,9.129429151339403,3.3099150283541716,3.544576904557802,4.009698826577964,7.432406300187119,3.941829229537339,5.409304463822516,5.478847366440703,2.2331405570641847,4.891801942300684,2.328369216311449,4.357728109197733,8.548680257798257,3.105935988501975,9.263894462363885
상자,2.5583758729201143,0.0,5.504359509241548,3.5155997666401255,5.694735462129039,7.83518121273826,3.497647020237771,1.114714839303076,4.229666342297456,3.9444504794887325,0.4577814291619267,2.558334796428256,8.468155142393657,8.704957771424555,5.418613308853362,5.754788027525291,7.331315287419185,4.720529252802923,5.417905874831466,7.30535464274442,6.465525634392466,7.103929070262738,3.36166694358024,4.1955598125048095,4.275747427409663,5.378170514118501,5.825829171213843,3.0196282077412877,5.300194000306306,5.191905854431075,9.063584173402349,5.976039949354919,6.733019833642006,9.790430443353873,8.213356345094802,6.212411732285463,8.027479682435176,2.8821892562359754,6.842662066884643,2.5748943774747195,6.345578799359178,3.1698210628108274,1.7628039557345725,6.935889210046393,4.596495396658257,3.805258154400932,5.504691893903924,2.673059699382552,6.397862987850075,5.040435684729471,6.3749034186626465,10.128455751518123,9.141175494078926,7.763784800172741,9.86774737421001,7.0089148043605976,9.204774723267768,5.296145068416946,8.412080014552235,5.442411791738166,6.768724538864086,4.406841113348102,4.714505442727283,7.391016248812343,6.044607318484638,9.30906382799953,3.3335491962358246,4.552013833785036,6.984040756874226,7.674455885792483,7.659275641969372,7.750205616966731,0.9028869836373002,0.9790714322124818,3.840111652456839,2.395371132825635,3.465469560169127,3.0658972141572516,3.5310621857205176,3.607868490116205,2.5234027136873842,6.3475050441197105,3.677119670369404,8.719567842906562,8.253786379157441,8.05917947507211,4.74448433031905,5.870366517787767,4.753604271317577,5.934964295637846,4.903567898891916,7.967677407339576,8.03642972712177,4.674182026055528,5.992108095210961,4.817563530339503,3.6750689721751533,7.370869452743591,3.9281865422823232,8.57166581363807
데이터,4.396765708223214,5.504359509241548,0.0,2.5032843998772245,6.33718240089655,2.342277637527228,2.0072054030604702,4.980764026504074,2.391129056951795,4.477607635864897,5.200462259691018,3.1391179017432225,7.015329239604618,3.28346998380717,3.4540226899834603,0.8735151809589375,3.736696304358915,1.4011086923344358,1.747520337084097,3.1063835076933723,4.836870898991843,3.840169915566951,2.973064269500922,1.7876173670778346,6.131249768921029,4.913078217815562,4.992084824676747,2.625070641207716,3.894971927235095,0.4694753812251821,3.9745852833156197,0.9519404123201616,1.3783872880590065,4.427162920758191,2.716964394402353,1.2356038680344386,3.049522600017634,5.638814611614216,2.0288988463220767,7.187616213647114,1.1802316407411526,5.4685443344960545,4.07002768597177,1.4427457074527725,2.390433134198912,2.0486627609570234,3.9164709397197526,3.7792983210514404,3.684462156430909,4.072256647010676,2.454909607155668,4.672531410896328,3.7150767191172536,7.963215725569725,4.43618862811399,3.472440879832722,3.7029463064978034,2.079581795078121,2.996375148328859,1.1039676262804416,4.028216100984621,5.371093127090305,0.8058014907406672,1.8886330595006031,1.696528568053875,4.3227064479229975,2.7153905414870847,5.4990190740408424,3.13495239472886,6.447016385547841,2.427869608918533,7.965860666014438,6.361316067068503,6.475827278372921,7.461353389182311,3.4865245445031965,7.823142985258995,6.941933138578241,7.796981869617624,7.188286268461241,3.9511497338318082,3.1539420337365414,5.663246167223141,7.035678587569839,7.034965508214474,6.674292373203498,1.1549445979431434,6.556187281140671,8.365997200405554,6.138589176915938,8.248186766716477,6.257165408077317,6.20167707797115,3.5431568889671126,0.5044215851248756,3.7831175153519547,3.278386638680073,6.389234070991403,1.576948698433111,6.1867232665851
와이파이,1.8953333819210594,3.5155997666401255,2.5032843998772245,0.0,4.303490866987538,4.758310055208213,1.2470071623569947,2.7070613386627262,0.7704779838170058,4.473447458573205,3.3593928080484132,0.9726521473184312,8.310776676004902,5.357617349203123,2.297348833351933,2.410112954698377,5.7202624148520185,2.6079271724764763,3.437215851203502,5.302387076281267,3.6915930936407055,5.6827794439938,0.49351781182248217,0.768506078849486,3.753905830420225,3.137741208078477,3.4163497768287305,1.8540894907922023,2.4441041640516454,2.424432183622658,6.469572007354944,3.321207236807257,3.429537779321045,6.910273984983382,4.993578751020804,2.8163929759204707,4.536549018339775,3.136855341234257,3.361733595781388,4.751107491268915,2.9937765182388025,2.9829223434525454,1.804646447032363,3.8874729834200994,3.2792175540745063,2.1744780278425173,4.923453923686421,3.0891177207119833,5.240452214605686,4.777760038032349,2.866411570199061,7.101380592644306,6.177963193909185,6.221350555366793,6.887603078635005,3.584480869170126,5.984926723914616,1.7881852284482405,5.473544812558856,2.0291871066421523,3.545394967425748,3.1184647974401773,1.754698071624826,4.229331559311562,2.5481399301132543,6.806022349927723,2.4522773153464272,3.269097616064368,5.178190657606688,7.604110251783904,4.927812226291291,6.21789943524988,4.249752197783867,4.406318273137409,4.959066283987038,2.4875819040446707,5.339487803236061,4.444954052117312,5.307172095478849,4.685401383384749,3.1659240551780226,4.876541081754892,3.2255060745957316,8.430985426419193,8.23065506026855,7.917666843007626,1.425128937725991,4.529312638552222,5.871078173941334,6.611733284689861,5.768285227668639,5.302416300842365,5.314533922611501,1.812355486187048,2.996709091198433,2.0644917720156273,3.3294097738340214,7.431808806050052,1.3860478037258341,7.827406738026982
사람,3.3409452475160912,5.694735462129039,6.33718240089655,4.303490866987538,0.0,8.040416487814715,5.5408068481613215,4.611083097362229,4.009672837364027,8.490268255120125,5.906280727288865,4.599262985711247,12.595253940621255,7.933098070420677,3.0787028614275656,5.757292465274568,9.935391987622683,6.871309584408847,7.67256049882845,9.412322639467748,2.448463427924549,9.938669952115244,3.86176013759162,4.709355454446085,1.562473882216158,1.5014961347873583,1.6790681045913305,6.005273014624643,2.566900684496201,6.46210040277496,10.124887206042265,7.28194944432548,6.555188676136501,10.211130581012476,7.970679781087685,5.8776469546515235,6.576849819142842,2.8790280931284222,5.842642227094891,4.6014462131678755,6.124784725098636,2.539690499666016,4.467328131931412,7.365634001464455,7.581573137413706,6.4675481703497,9.20704052986959,6.9621806386637815,9.53611225696404,9.013850994939647,4.81074871557072,10.164580694215738,9.439184361333163,2.090428858323388,10.047554438409604,4.488990101384309,8.805903493902413,4.380906536120615,8.853722121886003,5.348021544406946,3.6254108585602016,1.3435899467101904,5.811011657511024,7.462766625903167,5.2358929045965175,10.51427222975404,6.641400414531847,1.1819512567777775,9.362957720172675,11.871831607246435,8.609523095465548,2.079435664272046,5.786356754038668,5.996881159583202,3.411778305275938,6.33016551072233,4.414270071820003,3.669199242686294,4.285999333448867,3.328726679411601,6.960510382129394,9.145994567944228,2.0456947628110362,12.72666290467158,12.499242958388374,12.197193996303573,5.217281785284017,0.22590736536894687,3.6950641873843573,10.692909436441825,3.3424520720044932,3.0544526525884086,3.1977788670346055,2.7942736527975667,6.723056921094233,2.5604171630003294,7.492658051590614,11.677911072295872,5.674485324935034,12.127637103832202
접속,6.6430315732932605,7.83518121273826,2.342277637527228,4.758310055208213,8.040416487814715,0.0,4.339523158493191,7.319126684629505,4.451981457533471,6.2035847158911945,7.515986988951952,5.472217937938533,7.3583751144140495,1.4538748194741982,4.9646610764024866,2.4189443110909292,3.665108301575006,3.3280300244675622,3.0472857972613956,2.8084803810475036,6.042238448814769,3.979964001271213,5.191464688103108,3.9973583381098194,8.144712393247708,6.541896805401783,6.4760778450734895,4.888219417309148,5.474077766335645,2.6503407809683712,2.1921439446874076,2.0031934380382506,1.4887838427471958,2.2029806095561786,0.6516040763620515,2.1780926396327653,2.3281638190787906,7.846344933223806,2.3002029578281626,9.497063566901058,1.9351906873737799,7.6324829224280775,6.405047557993272,0.9004430177133079,4.049921639829037,4.197587141514123,5.028369873937928,5.888819597369246,4.274994299402021,5.40101872812194,3.320739924375559,2.3443992028135927,1.4402056829791516,9.332252220495647,2.13258477072911,4.07066263420138,1.445575615380816,3.6997687296450645,0.8162199879088197,2.8475440449157072,4.922977271276627,7.301918523833841,3.1467689284182074,0.5788208326531181,2.8045348397274754,2.6065545034509054,4.83678774486785,7.405209237078205,3.159635033941401,7.00212455136356,1.076719267402271,9.340032957496367,8.699392588282796,8.80989587285464,9.659523662390445,5.709306111269819,10.096514213168625,9.192891579982852,10.061281664439395,9.393714454565844,6.074392280768992,3.6977493576362157,7.755200180582585,7.259475731303708,7.487760623680308,7.11072692687055,3.3344928203092685,8.241668708364458,10.525491591813648,7.351625380751546,10.369562965970106,7.1134103509403666,7.009146999929986,5.344520515179465,1.8451711495153809,5.534722030664971,5.167373925259393,7.069560742476078,3.909376940486932,6.187481008708328
동안,2.791770069181785,3.497647020237771,2.0072054030604702,1.2470071623569947,5.5408068481613215,4.339523158493191,0.0,3.043739956055727,1.8057702472837884,3.3420169876470673,3.1967633041472667,1.296794803514397,7.064257985923507,5.246514914526402,3.390923806015774,2.366906053240099,4.6035870483854096,1.5094175799808942,2.34601255140323,4.28591186957009,4.839765921645977,4.52572442689866,1.6821883082586133,1.226957010859147,4.88147097505171,4.378685117216177,4.638748764951167,0.8006243309280233,3.6216883636633277,1.7106355342178867,5.728135068709358,2.553051115170433,3.2813137642124652,6.346591259685769,4.720841542583502,2.8459981737706337,4.746750043967151,4.051406044681119,3.5761381670831023,5.327423126481071,2.934503238356516,3.9826788892042226,2.168593896466921,3.4395051130795093,2.043624348042298,0.928146547053425,3.676529446681082,2.132114503417959,4.033782992101889,3.539600460471654,3.4351857630178917,6.647773576284915,5.67001486309062,7.468164770452621,6.396318361904648,4.335559498611475,5.70955963427214,2.4694332948991278,4.942056664044038,2.152520441043752,4.50361673581113,4.3215015143537245,1.2284443721009801,3.895230315098064,2.872434911856464,6.021933904661141,1.2769120746478178,4.4771377852499485,4.0982578807316665,6.357394286680755,4.245410251885103,7.464782264982779,4.3604360660298855,4.470728357538488,5.830624450021453,1.6510576730438258,6.038361957861488,5.219191188083288,6.031404677507772,5.550698563273313,2.2597982619163592,3.710681345112994,4.305851346275714,7.187318055109194,6.983826104992349,6.670741038086263,1.4470780128442182,5.766323233874691,6.783152358939218,5.4210128887412585,6.73151228612171,6.43799330063843,6.4347946108747776,3.022664466438659,2.495092160077702,3.2814887039945315,2.1413688425950093,6.187838906157896,0.43054353390212785,6.607068363100355
화가,1.451682396086691,1.114714839303076,4.980764026504074,2.7070613386627262,4.611083097362229,7.319126684629505,3.043739956055727,0.0,3.3439353672523944,4.454969405087209,1.2989926979568442,1.8509515405829393,8.949634482971817,8.044588801117929,4.386646036081734,5.080217192773518,7.3472019871884156,4.460224246131218,5.24348344849751,7.191158695984458,5.370856992719565,7.174423053020849,2.4471964860030555,3.451492664295494,3.2487236912123247,4.265469276362071,4.715431488273005,2.8124347777515757,4.2303186437774585,4.7429647493350835,8.766450031104968,5.596772892077027,6.0908018207545185,9.381104993949078,7.6280563350830635,5.50947682555047,7.236511101668843,1.8830846215159007,6.0670363858304,2.325828741293421,5.671943837993202,2.119575535892303,0.9198639991669347,6.422216634333551,4.578863915434469,3.601908989284958,5.773926680331382,2.981327503560327,6.528321619345386,5.3819091687325615,5.49116563646482,9.653224936228067,8.689428170328803,6.691788559028189,9.413353076017097,6.042571197117084,8.624612910823265,4.42453750587357,7.964891349000415,4.723146900707581,5.735590056907855,3.3058823748176995,4.174970208635001,6.829626448406713,5.250072436825404,9.050144839097605,3.300958076989854,3.4545343057030524,6.92694192530722,8.16470916275297,7.288880851844246,6.679060699189369,1.5897968722555156,1.7724420520045097,3.2002961323812404,2.4942227850331213,3.1208437174484955,2.460711089396853,3.1436618887267183,2.934866617678258,2.8877977369807963,6.377662965125224,2.6267124146248886,9.168323075694653,8.76893263606522,8.537383440922259,4.066198272023151,4.793976290054925,4.1670548977778035,6.586444061127921,4.238790605122884,6.858395302810933,6.929652114641404,3.6230775010723355,5.483682115368022,3.747987827151769,3.8762724509470208,7.891145867963181,3.456399666341933,8.884870879822772
패배,2.283179375893964,4.229666342297456,2.391129056951795,0.7704779838170058,4.009672837364027,4.451981457533471,1.8057702472837884,3.3439353672523944,0.0,5.134368994182068,4.1019673296876,1.7271763097039254,8.763709011006574,4.866704627802597,1.589745160448281,2.0338310559435846,5.926851153761321,2.8985381758937616,3.674699633593938,5.412025317358756,3.0340939597793932,5.9408323932017435,0.8983742715481974,0.7091556130633413,3.7486718258051,2.6834592714996175,2.882989167804837,2.5249486326093797,1.828089374500387,2.4600483282447616,6.333179056782846,3.3094533094733665,3.025455422300395,6.646557904590865,4.596331075956655,2.356344032139862,3.915975516482331,3.415042283942001,2.7739273977479435,5.217106638525886,2.5691734837105114,3.1829065044918248,2.4812264198040825,3.6334789894449186,3.716978993161658,2.6836717107122032,5.40029810053913,3.8107176163371324,5.581854021619624,5.317302196318999,2.151843109552383,6.767247848397401,5.8913508137387725,5.7966156379628755,6.5791249330795685,2.81924436640153,5.567312606928566,1.0806026693138424,5.21645332567533,1.6084978492293323,2.786415219594382,2.981083609036344,1.8017664875008281,3.892003960707503,1.952857049894654,6.695574590344149,3.0770890105124136,3.1115709685054207,5.353302740206448,8.086116953882323,4.784577119635045,5.795716845469914,4.919461903326201,5.086830571617228,5.2149204478065725,3.2271757932734495,5.718512997523596,4.7908154967307,5.669542078217281,4.95298487062062,3.9000353449743295,5.159085977753955,3.312823372988376,8.857862944703406,8.708504756674497,8.380906299136639,1.2380233400574485,4.233383791253469,6.0735223236497875,7.226475743481035,5.922872692101298,4.633249732722966,4.632787976114508,1.2786330244688782,2.8352178188593564,1.5404630026751764,3.9466315476237344,7.939421485324776,1.7771373409531221,8.176697243947727
파워,5.230515269340474,3.9444504794887325,4.477607635864897,4.473447458573205,8.490268255120125,6.2035847158911945,3.3420169876470673,4.454969405087209,5.134368994182068,0.0,3.4904578584853625,3.904943909062854,4.528074985204334,7.522647353645073,6.724093138428962,5.23511469400314,4.048511365715475,3.0830139227279534,3.1563462162753404,4.390471220483717,8.156618079720781,3.7074875640301608,4.77793157425107,4.561988959801742,7.45243618138634,7.551585815873796,7.87117183729572,2.6204313194567233,6.916287609970483,4.008270746690765,6.500487856172381,4.253445019549263,5.819649865746385,7.5283839325694775,6.792529440684422,5.679922117328933,7.524899854273403,6.231031316837974,6.480125540380703,6.513059177213866,5.65600747413477,6.352103870648946,4.12937960270146,5.466337173589908,2.170494364951012,2.600945503701436,1.83325581790033,1.5420633832163249,2.936275229796579,1.274504457998572,6.627815495046236,8.067136643915358,7.093147731358888,10.53424851274911,7.75558575775177,7.594438333475386,7.632837074077652,5.765238977892396,6.4371991771890436,5.205471674519366,7.837221035944414,7.164520941872885,4.077772144660037,6.014195680631392,5.953534830146121,6.603760160500871,2.0659754082182387,7.328680804787715,3.9482782580269253,3.7356994064909372,5.523178099057638,10.527354475206387,4.721856534336925,4.6801482048119265,7.642791845897052,2.163222512686032,7.397014838281584,6.884837934140848,7.453366559178393,7.383226538844972,1.5859346747572503,3.1642496123718464,6.811927164939851,4.7751466588968965,4.326630757105599,4.117783086980012,4.609837084173583,8.70700379891571,8.598871528814856,2.2047543068909197,8.690652660308062,9.763446010711103,9.766558286599693,6.283819692107109,4.746072828992899,6.531844463117552,1.24219205629721,3.4449390562918287,3.5082265758632305,4.689138077247576
전설,2.662151061620198,0.4577814291619267,5.200462259691018,3.3593928080484132,5.906280727288865,7.515986988951952,3.1967633041472667,1.2989926979568442,4.1019673296876,3.4904578584853625,0.0,2.387216199666875,8.016209588491972,8.43520774140902,5.385682853943844,5.50586258803694,6.894504846476605,4.346221281939904,5.019155546163864,6.888215160958216,6.508886684951409,6.661038884441164,3.2678101261308528,3.9948826904449626,4.541957261130841,5.478249970828786,5.913106992833985,2.655957798214794,5.310419207009767,4.866214409300835,8.679691123395132,5.624108674053048,6.464426608209739,9.433580506910573,7.916644545485641,5.972184226760291,7.81869897140116,3.1622917766879155,6.6318979763620645,3.024050949936766,6.092041830020914,3.4165327993515775,1.7138979949878848,6.6197143322045715,4.172987212523511,3.4267305104734604,5.048749641504496,2.2213488967065556,5.950045010546609,4.582811010345317,6.225089368723484,9.790011199165358,8.797932021837388,7.989405160929944,9.523607505314343,6.910738129557638,8.903125739042697,5.147497428355855,8.069480017142737,5.215404606056553,6.729207736993408,4.591687535266519,4.423791569568639,7.089011812989354,5.848261631142952,8.916047694913487,2.923708486114707,4.743246984407462,6.558238069385906,7.222777659747777,7.297453268807001,7.976838289260967,1.3275939751830312,1.366126635244315,4.246853003975851,1.9765735797797728,3.91170440458423,3.4739668422206447,3.9735553095709983,4.00625575854681,2.068559246711241,5.910755114502588,3.9243223061564687,8.265491919912456,7.804613831872421,7.606787742071583,4.507042303274314,6.091229122937305,5.17415409325862,5.501892987431098,5.309623004125695,8.044770619574399,8.104769120578805,4.667024027408301,5.679528102397791,4.830899928162614,3.227569126516074,6.92161391338779,3.6251046548343564,8.113906894342888
리뷰,1.5363339650122187,2.558334796428256,3.1391179017432225,0.9726521473184312,4.599262985711247,5.472217937938533,1.296794803514397,1.8509515405829393,1.7271763097039254,3.904943909062854,2.387216199666875,0.0,8.059072044449993,6.2074321622346895,3.1455928073535806,3.2418706867287903,5.864835567239959,2.801093181647351,3.631867907861112,5.579020839670944,4.44518119981934,5.759978363097221,0.9838241018710877,1.6414237073627502,3.7219204013433678,3.67527169087888,4.030166800210739,1.4453779369595534,3.1906003126657114,2.9319137631776564,6.995746413161626,3.8102073569203085,4.246160540295314,7.556266301202542,5.777576819961599,3.683438002763088,5.471006651793269,2.775339407865323,4.287719196859092,4.064523805961081,3.834877181981314,2.7420976791225335,0.9331732713235545,4.577407564754008,3.1931670609440683,2.0812274863100466,4.694800809481162,2.405551221107991,5.212754461238845,4.444645996822047,3.8378939488146853,7.810203162011657,6.853389809388842,6.63007952534864,7.575239935561508,4.546193960367099,6.774181478564116,2.7603802655660106,6.131994697464181,2.9027607028626323,4.449372865476519,3.2942332111547166,2.3347188579912213,4.978904440124521,3.486500969955933,7.3004658528230735,2.07854061975167,3.457286261372217,5.377578198077841,7.314224343765098,5.489451198321975,6.623413728874366,3.3285499622352597,3.4737843316354815,4.537517788833297,1.7700223151986945,4.750454167926687,3.9227277154108533,4.739940735331936,4.257397802334454,2.437814272822664,4.943610704279205,3.112546396600844,8.218433382247246,7.940233961880841,7.654106539954185,2.2253741423725035,4.819152491709666,5.494101950637589,6.100974352508898,5.454381022601936,6.04818532256404,6.078373127708367,2.5283682037951194,3.6432859348102586,2.7478027101934224,2.902940959856041,7.1019939687530895,1.6665006358435395,7.737686526983091
스킨,9.537715384532545,8.468155142393657,7.015329239604618,8.310776676004902,12.595253940621255,7.3583751144140495,7.064257985923507,8.949634482971817,8.763709011006574,4.528074985204334,8.016209588491972,8.059072044449993,0.0,8.792835142074821,10.240026243313435,7.883772480160292,3.6939984084511472,5.914249316469754,5.281385365945581,4.550803437271123,11.700058055451866,3.390865300165713,8.734883823452819,8.067440201259945,11.766667980130837,11.425436056683596,11.646634457095546,6.616889131450227,10.576043497227683,6.65046788920732,6.182100888874976,6.2214521472984625,7.901843302781015,7.358665961564088,7.998528217187229,8.159251771248908,9.504991457708243,10.647982051861813,8.858800165523334,11.040016897479298,8.005545177627626,10.71826985968145,8.507271509233902,7.106932103075411,5.049242840082355,6.136325977340383,3.3888414755452554,5.971490502229821,3.3340501226709685,3.624247898006134,9.467059521893955,8.053039669831836,7.3805745214868566,14.528512892026605,7.7498901962885265,10.480920749590501,8.404823123066091,8.972136125572298,7.055551362178079,8.087681310595885,11.025977803508857,11.334882267046835,7.127529807121698,7.540063307366325,8.707516062680588,5.990800522951199,5.98098555286487,11.49553650852593,4.218238264581791,0.7940831833730567,6.297256970672873,14.525646142168766,9.216219625452606,9.155136597809024,12.148954637499479,6.5160657089026275,11.924974743414396,11.398593088163668,11.981340643937713,11.884501723541154,6.062618928761139,3.891357787300107,11.140756875413627,0.36967167463608186,0.35155081362183893,0.4122649562361374,7.784919415688704,12.81994943534796,13.11162215770231,2.780392555476225,13.186813588048054,13.214133340713891,13.173626217979267,10.036903645771579,6.94877749075175,10.299194629082102,5.180633950911005,1.125600780423764,6.991685371485206,1.409102103318195
로딩,7.147979581382385,8.704957771424555,3.28346998380717,5.357617349203123,7.933098070420677,1.4538748194741982,5.246514914526402,8.044588801117929,4.866704627802597,7.522647353645073,8.43520774140902,6.2074321622346895,8.792835142074821,0.0,4.908658638491571,2.965735291799937,5.099590961753469,4.51936544849506,4.389923147641051,4.243409335160494,5.683707194066452,5.425481039098056,5.716658014327498,4.597214893439753,8.314105056770156,6.446035555980313,6.277907586486898,5.9071137947878745,5.417200472821487,3.6969809373113915,3.17502557626164,3.2692029198906734,1.9720968224364037,2.6042345852524833,0.8024385252179297,2.541377386629946,1.4420307188647101,8.257909293238317,2.16494545344921,10.076047294026848,2.373060007709872,7.989762016597513,7.1265591770922105,2.0563154314158862,5.35233854761258,5.308212379737266,6.4528969586493385,7.038180462975027,5.727638107694027,6.800174124227726,3.142502487491597,2.3232302980555075,1.9454047169544801,8.932274828874709,2.3006393920951314,3.559630769039768,0.9230221264464261,3.899012493766828,1.8369691846298717,3.3284313610798804,4.471932539129984,7.419751101882827,4.018979138567047,1.5084514657670143,2.9431853305021605,3.5716042415772664,5.971303252434589,7.496193597648847,4.609023734597874,8.452140996988831,2.4956535992365287,8.94341450032189,9.525634265062244,9.658503821971916,10.01959667524832,6.7698813581127455,10.580914217934438,9.647209749868228,10.52774657748169,9.769394610299113,7.215626829876421,5.148708801058021,8.021584093981584,8.682022512237822,8.930560582776222,8.553868487174674,3.9820684479527584,8.112787039448063,10.815968138253625,8.78094808379157,10.612101628351152,6.470915451107551,6.3431664249229165,5.464905515612268,2.86663263128983,5.6010871561064555,6.418664568776683,8.522962806303672,4.825120040079862,7.590251196840145
플레이,3.014646109391366,5.418613308853362,3.4540226899834603,2.297348833351933,3.0787028614275656,4.9646610764024866,3.390923806015774,4.386646036081734,1.589745160448281,6.724093138428962,5.385682853943844,3.1455928073535806,10.240026243313435,4.908658638491571,0.0,2.753736502099714,7.179369211618065,4.326707736888755,5.024631177791903,6.557646954697605,1.4671602013339076,7.251571671950336,2.16636967332982,2.2128857255303127,3.458616670391596,1.577942879108612,1.5533628324011812,4.112895525146704,0.5140587989828529,3.688525883575182,7.072682204019305,4.4022651439291645,3.4833186975847172,7.132537777824116,4.897412113907681,2.8155977911801826,3.629269878238221,3.7424740530181615,2.777519306843429,5.7703758720531875,3.0627454210394593,3.3946693758996336,3.6755642180854076,4.3198725139151835,5.22480221611804,4.24442300861398,6.914268443060031,5.383661244968603,6.9834838556772985,6.869524319902475,1.7662306653759139,7.098417516649105,6.360538435710606,4.515668511297325,6.973508150410295,1.7915012452121921,5.756509951288686,1.3820287204707613,5.7792898774713235,2.378617050967324,1.3505951636633844,2.546128647670269,3.125423729023299,4.388073906165518,2.1619210416657264,7.468765880315989,4.665329656908169,2.6054454386798307,6.582046607342452,9.588806608650174,5.580402856175883,4.519175963151916,5.963008004483016,6.154134101133983,5.321418480731592,4.78487584963898,6.056598773835525,5.114861009552172,5.974291720367852,5.1021909377325105,5.4632163705547665,6.510725030118045,3.27954304184969,10.310791698212205,10.20557208900744,9.86746577786443,2.4692401543837885,3.2774813268267957,6.018116295263353,8.806810900513778,5.775412708844572,3.048529691180594,3.043998985709321,0.7851071538473345,3.76744443412292,0.7752332260372364,5.532111453280432,9.461496483150647,3.317179480052429,9.558189833433802
동생,4.258784643594324,5.754788027525291,0.8735151809589375,2.410112954698377,5.757292465274568,2.4189443110909292,2.366906053240099,5.080217192773518,2.0338310559435846,5.23511469400314,5.50586258803694,3.2418706867287903,7.883772480160292,2.965735291799937,2.753736502099714,0.0,4.539724594364839,2.210937808047428,2.621024395969932,3.8513947279692817,4.063948570781639,4.671779062020723,2.806793817029063,1.6426573088234226,5.739641116183911,4.286470313149214,4.30709924001394,3.109879060681792,3.2321342324788263,1.2980012961107743,4.3795163563345145,1.7270562192017667,1.0195384704287556,4.617308212135382,2.588596748481654,0.480598697898793,2.3914436596866073,5.438802359553452,1.2566690044586553,7.157331958261054,0.5930932161503554,5.216167324900475,4.16150930920329,1.6293279019417932,3.2166204498475777,2.6927169579041483,4.782160517933287,4.3738895826219695,4.5507675014590365,4.916871523299325,1.5834573200705704,4.736564749590485,3.8589336744647933,7.262760205888282,4.5453775415029565,2.599746786278303,3.5764222962807333,1.3824617260287597,3.1932531109211184,0.4303480516089533,3.184320527053325,4.916364408289986,1.2068145172036226,1.858626844095975,0.8240892047656438,4.762033967777458,3.3413450588613456,5.02836264086261,3.934041168422799,7.320142260430193,2.852734269557673,7.267031596447269,6.563683347548851,6.700223401039316,7.2463078793389535,3.9873644778913224,7.715210726630543,6.799584092573932,7.673678545620124,6.982499584994225,4.530570106997452,4.011406094260806,5.3374066610757005,7.898393752591022,7.906872288161254,7.54530792824232,1.0165751187645198,5.969220110082145,8.106925913711425,6.979987369420267,7.951220018245294,5.429477541362289,5.366700098143515,2.9890827326423914,1.0318912945046745,3.203538799722241,4.007698331190956,7.262499309087477,1.977392865441938,7.028743989065884
설날,7.389922092666634,7.331315287419185,3.736696304358915,5.7202624148520185,9.935391987622683,3.665108301575006,4.6035870483854096,7.3472019871884156,5.926851153761321,4.048511365715475,6.894504846476605,5.864835567239959,3.6939984084511472,5.099590961753469,7.179369211618065,4.539724594364839,0.0,3.1174169874844044,2.283052501319404,0.8568334537467862,8.573507267101629,0.4076756317865321,6.207419510579845,5.226339735492868,9.463403697533598,8.578982670088473,8.69975906121304,4.55109570694666,7.599222137019402,3.5025282123561143,2.781818652318107,2.8132199458480778,4.338720550372274,3.9553998127247487,4.304540998643922,4.714157591158732,5.855639231349171,8.640093321334065,5.329615514890335,9.665152228318968,4.523371094843896,8.585759212107366,6.6143075409346705,3.4808874819021574,2.7698652428722013,3.7983488786149713,2.2549266082301846,4.702726411087512,1.1295812360260291,2.8132185258634252,6.077567389550558,4.613379586790711,3.8063353894059975,11.667960082867305,4.294268679270669,7.057847160891004,4.752564439946033,5.813991974882671,3.393618297789315,4.8382026385244385,7.719425444839084,8.829544436159283,4.129288771781994,3.8738882320656876,5.33389838559102,2.747071736221484,4.053639218825155,8.975404449978301,0.6058765974874216,3.3857667214289924,2.6039884222570167,11.66938885531452,8.222097070361114,8.247373842686732,10.383357418543092,4.947555015980705,10.464366617445966,9.723576844870378,10.479273692444103,10.103410148751601,4.877950029224636,0.9838374116655338,8.903511557956703,3.5987903963456636,3.8347875736397627,3.459079268478698,4.751391718615018,10.159573861677858,11.348480229879872,4.210595929197125,11.318958735118292,9.968938040120975,9.904090397635066,7.177487614918925,3.52185326781145,7.43142454690477,3.689729684932028,3.5064655157381286,4.3431468504547635,2.5687568270694614
이벤트,4.299106291307566,4.720529252802923,1.4011086923344358,2.6079271724764763,6.871309584408847,3.3280300244675622,1.5094175799808942,4.460224246131218,2.8985381758937616,3.0830139227279534,4.346221281939904,2.801093181647351,5.914249316469754,4.51936544849506,4.326707736888755,2.210937808047428,3.1174169874844044,0.0,0.840099687754861,2.7779299271760234,5.785825513544615,3.076375152096893,3.0920032349352575,2.1898658815581182,6.345986485286933,5.58197644498618,5.763339032733437,1.7026163639985141,4.677814906122379,0.9327807139703794,4.345610289176621,1.332436166010125,2.7387305518412055,5.096940176645376,3.8459247116162407,2.6257763365757545,4.442574021651856,5.560432799422324,3.4245759326962717,6.77657299438632,2.5812438476382655,5.4838889604308205,3.632559204129974,2.4906967552151356,1.006870765069796,0.920191858107363,2.6371825205949717,2.560889164085087,2.683533493063131,2.7150483231247615,3.725440623045051,5.491843888557604,4.491845088294785,8.694908526755205,5.211539981666765,4.736954314058853,4.77051437936917,3.0760733892844914,3.770597189622635,2.280292267276691,5.165262375161077,5.724664001184878,1.2214406016089738,3.026981925238468,2.9934878058337344,4.6053395178028405,1.5166298993456664,5.873493472287357,2.594245350719775,5.277042226749742,2.957874780865717,8.694120230256576,5.618240560669638,5.696095246388233,7.338252447379258,2.429397946851666,7.5172779714990545,6.717018779955725,7.51634403477744,7.05819647505247,2.746974658721097,2.275546909407486,5.7889317745761115,5.985508833685913,5.888238614309009,5.545033731277001,1.8746611647711418,7.096879455924442,8.292248943333263,4.772620248284181,8.240148739675243,7.311215980923878,7.277667685581935,4.175960306350325,1.6769635995999892,4.436952790351185,1.9100479079219328,5.1731906783132064,1.2260017909496532,5.278159124418407
결제,5.137401420944228,5.417905874831466,1.747520337084097,3.437215851203502,7.67256049882845,3.0472857972613956,2.34601255140323,5.24348344849751,3.674699633593938,3.1563462162753404,5.019155546163864,3.631867907861112,5.281385365945581,4.389923147641051,5.024631177791903,2.621024395969932,2.283052501319404,0.840099687754861,0.0,1.95474430423837,6.463981409922164,2.2667766484474905,3.924603540296978,2.9674827092768403,7.1823888006026815,6.349768992418023,6.504320231482035,2.4413199647800643,5.408469317421089,1.3698109397421045,3.678405442183942,1.1487871770854008,2.860014326760911,4.5436482457323795,3.6426304109316847,2.948073667239353,4.583096297063258,6.397271529635498,3.7089728481078788,7.567412405646926,2.836160896295172,6.323758442439792,4.441492996853379,2.3418018463397323,1.0229867204503647,1.6438661306418276,2.206115676865114,3.0379847052566924,1.967747463534031,2.449394733485134,4.201204274440746,5.010651159954387,4.015248205489428,9.456584168330586,4.711941108243428,5.219390494905437,4.478546819650977,3.7087635134293593,3.3250913861808153,2.806302100230712,5.74484185534588,6.548427083465773,1.9058866584907823,2.8866637831833457,3.4437016508095257,3.898362314999654,2.1010266493503944,6.695304056647278,1.754180883080221,4.700284580526073,2.436685235878382,9.456727608331791,6.320565414403265,6.382710369632156,8.169029362128144,3.051788756984886,8.32485248231947,7.538570720193624,8.327936068283686,7.888855038881891,3.229321988441668,1.4905398090721085,6.628219561443789,5.318024300611235,5.291376264875519,4.933296530477492,2.5566544110023126,7.897572910053254,9.12564538089752,4.4965404864277,9.07750188696276,7.9450285108705385,7.899454648289335,4.94255785528336,1.7896101871839105,5.200867331554705,2.1773073274649684,4.642921554539759,2.062218491181116,4.533953417809036
처리,7.0691814113676,7.30535464274442,3.1063835076933723,5.302387076281267,9.412322639467748,2.8084803810475036,4.28591186957009,7.191158695984458,5.412025317358756,4.390471220483717,6.888215160958216,5.579020839670944,4.550803437271123,4.243409335160494,6.557646954697605,3.8513947279692817,0.8568334537467862,2.7779299271760234,1.95474430423837,0.0,7.913280403309665,1.19708275033586,5.795680048173848,4.7318470136949475,9.054667377688546,8.012110224412176,8.098437169144525,4.380973076913482,7.001186899044761,2.9521918830171656,2.1430794976397802,2.1556235251663205,3.5473535869909902,3.2627625014857804,3.447789622693234,3.975085329198902,5.01676196454358,8.33334409488242,4.545155034126656,9.516580280146515,3.7696077265168477,8.242966847702885,6.396210453832093,2.66389616219237,2.719467347297017,3.5894307769420344,2.732784000365019,4.77501795077255,1.6962492514290801,3.2500150881009398,5.344980392040317,3.8873234745361307,3.0222210499352777,11.069438111984404,3.5661992298669203,6.303763473417242,3.918526356467436,5.17814667690071,2.5594234300916456,4.185644183951031,7.00348648400678,8.368382277368235,3.6157833823715086,3.0315259588731034,4.617325665656141,2.2137892993454398,3.9728751778820506,8.50748489358098,0.46828720316026884,4.226631452757047,1.7481734917799217,11.072153040836616,8.206954605524055,8.253889441565466,10.11606498492617,4.91232235286535,10.279111661425725,9.491970842305852,10.28263288875487,9.836036860700487,4.961035699083883,1.2506755896066772,8.523445314142112,4.452885367769783,4.688485515107562,4.312211823393754,4.195397501516769,9.634036774374701,11.068865680777431,4.889277686633061,11.01087835411007,9.259825128963334,9.187339234917184,6.626926587725597,2.819878443480179,6.873641262612702,3.7932516971478725,4.328496969125518,3.967514999725424,3.402715533958703
상황,3.921567962874294,6.465525634392466,4.836870898991843,3.6915930936407055,2.448463427924549,6.042238448814769,4.839765921645977,5.370856992719565,3.0340939597793932,8.156618079720781,6.508886684951409,4.44518119981934,11.700058055451866,5.683707194066452,1.4671602013339076,4.063948570781639,8.573507267101629,5.785825513544615,6.463981409922164,7.913280403309665,0.0,8.667051496600477,3.467931370074171,3.678242135036751,3.471184905574522,1.2951045334040132,0.8601362451481989,5.537193427151484,1.2569598421479078,5.1111544420705295,8.216024881163952,5.769682635135164,4.622296719518851,8.118882937885992,5.850292902857829,4.018021463578936,4.269499167543778,4.253574812966773,3.746785633093425,6.2875615186441935,4.255617725480933,3.8649990594607484,4.807722011368854,5.519342814174382,6.691592507823456,5.706861614414286,8.380951988456498,6.773633193073113,8.428802001645803,8.334949868763475,2.723417200035797,7.981403662272736,7.35829331652685,3.2915400816386517,7.903494042123248,2.134371227550908,6.589972294416924,2.7652280169623555,6.853735504098935,3.7362544968887224,1.226228842198082,2.6336257090315676,4.576190258869136,5.485659617945712,3.346170626564917,8.624098580905757,6.1080710893142784,2.600529045794092,7.97106891046018,11.053709359316517,6.789229070383205,3.2999213575323236,6.874221701208703,7.07815399685618,5.481251924817198,6.158564882435109,6.372644095001085,5.481732769314842,6.265886506096638,5.31770356620978,6.838911613287906,7.943021417485573,3.5638554346423104,11.765244071061039,11.669481000425664,11.329696459548508,3.9182473049466204,2.5776040205715756,5.981277124499875,10.260561459168576,5.667880344396133,1.6114201204230132,1.6333506858611153,1.9171108600612778,5.095629517928168,1.704477356485005,6.979920274668177,10.928326398423627,4.782341250237083,10.991757474912689
